sample_size,,company,sample_size,mse_normal,p_cnt_normal,mape_normal,mse_johnsonsu,p_johnsonsu,mape_johnsons
ADS,43,252,ADS,12.792181036301011,0.5076628352490421,0.013928563529132895,12.798698214191566,0.49233716475095785,0.013924142968512888
ALXN,38,150,ALXN,7.77892436206862,0.49808429118773945,0.017371865525342887,7.778883051392583,0.49808429118773945,0.017369687886619203
AMZN,3,252,AMZN,960.6144982797558,0.5593869731800766,0.013049215318090278,960.0864356518786,0.5613026819923371,0.013054443875389992
COP,27,252,COP,1.2011433129703233,0.5268199233716475,0.013527295771035643,1.2012191552625238,0.5287356321839081,0.013524554965372177
DAL,31,252,DAL,0.7022020898060253,0.5134099616858238,0.0115820185326422,0.702249020873002,0.5114942528735632,0.011581369387113679
EA,11,252,EA,4.985655145419295,0.5325670498084292,0.015090976157213361,4.985190990979312,0.5325670498084292,0.015089552708777092
F,35,252,F,0.0231331916354297,0.4674329501915709,0.011894117976698192,0.0231401590172468,0.46934865900383144,0.011894526458804622
MSFT,23,252,MSFT,2.6536357126609293,0.5727969348659003,0.010907766110298553,2.6548857780325266,0.5727969348659003,0.010910645445553662
NFLX,15,252,NFLX,64.75794896247574,0.5057471264367817,0.01877954291359403,64.8185465492457,0.5057471264367817,0.018786929295770815
PRTK,18,150,PRTK,0.09128319630736162,0.5306513409961686,0.027792398741581258,0.09110973935634627,0.5363984674329502,0.027758253750520965
PSTI,7,252,PSTI,0.0968274002159809,0.491362763915547,0.023571888425178645,0.09690339861621397,0.4798464491362764,0.023576511773910062
