,company,sample_size,mse_normal,p_cnt_normal,mape_normal,mse_johnsonsu,p_johnsonsu,mape_johnsons
0,30,AMZN,56703660.29598388,0.5613026819923371,2.966455590197009,25316679.321077958,0.5632183908045977,2.0178648938259554
1,300,AMZN,65171.013557636375,0.5057471264367817,0.11793196979700332,57436.44412152842,0.4674329501915709,0.11145657123951817
2,30,PSTI,14.553066133764412,0.47509578544061304,0.3708835887208958,4.394203469624592,0.5019157088122606,0.1746634502726393
3,300,PSTI,39.27602487902765,0.5325670498084292,0.9436084145366648,64.44822351091905,0.5268199233716475,1.2103557890115173
4,30,EA,2031.7591342848336,0.5057471264367817,0.3972826684038618,2030.4994653479012,0.5057471264367817,0.39716477364466796
5,300,EA,1594.9097559901081,0.49616858237547895,0.3485643108816035,1231.9322178412847,0.49616858237547895,0.31035822318532
6,30,NFLX,38408.725246495414,0.4846743295019157,0.5643548837620053,36695.83519930675,0.4827586206896552,0.5512351337284775
7,300,NFLX,16791.70951106412,0.5076628352490421,0.3204963474419727,16361.91960431552,0.5095785440613027,0.3165371161368516
8,30,PRTK,12.548167188792837,0.5363984674329502,0.5272617887437119,12.930042170780865,0.5363984674329502,0.5347235757403032
9,300,PRTK,367.58758660833547,0.46360153256704983,3.4331895887331987,152.3572212032989,0.46360153256704983,2.193447532034528
10,30,MSFT,9693.507895244731,0.5727969348659003,0.615149073742003,1856.1396136124154,0.5804597701149425,0.2766985122553945
11,300,MSFT,75.46659993980913,0.5689655172413793,0.05863112950993704,73.19266474325808,0.5670498084291188,0.057828771615123425
12,30,COP,97.42638173912125,0.48084291187739464,0.1366246552749618,96.87627831207547,0.48084291187739464,0.13625947146534534
13,300,COP,102.87974695696157,0.4846743295019157,0.1398130729099995,92.12481541243159,0.4789272030651341,0.13279497648643873
14,30,DAL,9.273642622174528,0.5229885057471264,0.04583021208146542,9.288772328224958,0.5172413793103449,0.04585355826545933
15,300,DAL,341.52158679105173,0.5306513409961686,0.2914061284425366,316.7649891560153,0.5306513409961686,0.28089288191758316
16,30,F,54.51541661930892,0.5287356321839081,0.736752648657988,54.60313089594968,0.5287356321839081,0.7374147867773985
17,300,F,8.526765245400355,0.524904214559387,0.3049476324730863,8.513538222282714,0.524904214559387,0.3045740550061302
18,30,ALXN,9638.190690865747,0.5038314176245211,0.7886704909588027,9631.815147058993,0.5038314176245211,0.7883918765251999
19,300,ALXN,823.440988678633,0.5095785440613027,0.21446588187451346,820.2806296237735,0.5095785440613027,0.2140075045495992
20,30,ADS,51968.45244939299,0.4904214559386973,1.3156950081530725,166183.16980846235,0.4904214559386973,2.3273681521721667
21,300,ADS,8610.880715140036,0.49616858237547895,0.5332362322261135,8424.668448002923,0.49616858237547895,0.5273583219607479
