sample_size,,company,sample_size,mse_normal,p_cnt_normal,mape_normal,mse_johnsonsu,p_johnsonsu,mape_johnsons
ADS,40,20,ADS,13.269436793068474,0.5325670498084292,0.014116604770263384,13.236447321776858,0.5440613026819924,0.014061746051584311
ALXN,38,150,ALXN,7.77892436206862,0.49808429118773945,0.017371865525342887,7.778883051392583,0.49808429118773945,0.017369687886619203
AMZN,1,60,AMZN,969.0682007267737,0.5593869731800766,0.013077406249333866,969.5411176155731,0.5613026819923371,0.01308397689288664
COP,25,60,COP,1.2115266425206492,0.5268199233716475,0.013614847948675918,1.2120115968990797,0.524904214559387,0.013615104628560507
DAL,28,20,DAL,0.7388299031309501,0.5172413793103449,0.011963285004927401,0.7441411718391544,0.5229885057471264,0.012006771364170653
EA,11,252,EA,4.985655145419295,0.5325670498084292,0.015090976157213361,4.985190990979312,0.5325670498084292,0.015089552708777092
F,32,20,F,0.024150400374748585,0.5038314176245211,0.012211035717349071,0.02405678962053181,0.49808429118773945,0.012181993994664124
MSFT,23,252,MSFT,2.6536357126609293,0.5727969348659003,0.010907766110298553,2.6548857780325266,0.5727969348659003,0.010910645445553662
NFLX,15,252,NFLX,64.75794896247574,0.5057471264367817,0.01877954291359403,64.8185465492457,0.5057471264367817,0.018786929295770815
PRTK,18,150,PRTK,0.09128319630736162,0.5306513409961686,0.027792398741581258,0.09110973935634627,0.5363984674329502,0.027758253750520965
PSTI,7,252,PSTI,0.0968274002159809,0.491362763915547,0.023571888425178645,0.09690339861621397,0.4798464491362764,0.023576511773910062
